450 427 227 665 665 657 62 799 444 273 424 805 798 81 385 498 236 556 198 304 311 518 40 486 2 681 474 552 175 221 807 962 581 481 142 598 13 23 892 871 152 459 409 230 983 995 974 511 366 436 233 766 540 506 67 633 732 15 160 211 277 733 261 220 754 762 631 716 46 198 703 420 919 209 475 366 496 520 966 34 205 686 696 542 399 457 838 352 988 880 577 316 36 988 237 437 245 852 256 167 
432 449 801 175 651 84 730 179 910 598 564 334 514 774 686 154 888 594 995 14 532 191 820 662 80 755 285 141 335 32 623 31 244 805 520 71 899 773 734 346 126 216 523 286 267 384 496 601 343 109 537 355 238 507 125 49 34 104 291 127 719 382 48 434 590 620 450 552 912 239 538 700 523 264 495 374 485 168 885 842 192 127 137 367 458 280 865 329 214 221 122 20 449 175 418 702 866 468 843 988 
250 975 727 795 280 568 670 122 918 133 912 961 360 215 974 543 28 460 706 333 119 530 842 2 950 870 701 521 56 27 462 712 866 85 830 666 649 721 68 269 606 347 598 791 408 399 736 874 785 502 723 582 613 99 352 855 181 466 338 25 504 774 59 332 10 679 355 577 820 588 180 267 983 617 238 861 574 535 304 915 534 682 861 524 458 691 804 220 318 577 111 292 165 986 820 665 772 362 319 583 
223 808 242 663 426 232 144 362 951 495 979 786 306 507 973 605 146 364 443 960 723 533 623 885 652 720 528 764 955 381 562 138 341 880 233 914 881 955 527 231 747 476 43 54 847 224 715 517 52 579 498 60 540 195 55 849 539 401 12 521 677 636 395 13 359 641 516 547 800 72 875 420 230 114 842 465 643 846 510 783 84 954 333 820 701 763 53 378 338 312 814 126 447 303 73 901 578 8 356 188 
216 648 398 505 954 113 438 806 674 882 443 742 705 442 733 835 384 776 590 794 712 497 7 277 944 791 542 971 206 289 193 111 365 69 388 457 810 558 395 762 302 614 205 845 298 688 502 700 228 67 465 513 754 47 726 821 141 502 193 132 519 136 39 10 944 817 396 487 594 302 197 371 989 935 25 385 306 362 501 76 639 671 659 114 20 195 292 593 977 30 366 85 575 675 678 256 930 700 823 272 
609 766 628 498 361 170 454 567 402 242 351 463 154 781 32 691 932 802 996 625 834 491 260 62 511 702 577 623 161 514 50 706 376 796 775 52 88 687 703 98 567 62 326 154 850 872 616 704 466 437 779 824 979 641 566 67 138 303 198 48 560 191 943 736 365 53 386 260 981 114 47 890 993 966 702 677 885 213 414 217 707 153 395 305 987 338 839 650 703 815 650 254 806 41 279 549 749 863 68 978 
408 1000 923 914 338 974 727 916 984 457 674 378 897 470 219 799 474 250 542 137 326 875 678 853 176 288 137 354 130 279 923 920 735 729 694 842 694 121 877 67 654 921 460 743 445 950 537 110 602 946 655 459 978 400 838 465 728 317 213 654 761 853 538 560 157 415 520 147 56 654 427 7 719 709 501 535 79 231 213 483 598 597 46 322 602 878 794 950 502 999 743 141 453 7 105 74 493 168 141 259 
376 474 675 835 835 337 35 113 929 149 868 694 699 212 247 392 502 539 301 99 910 823 709 594 656 79 903 97 57 9 60 339 855 736 749 498 691 548 273 366 464 282 267 930 333 915 250 66 838 277 644 636 516 203 895 573 202 320 589 143 8 334 920 129 183 550 603 92 511 243 668 177 500 598 453 914 513 184 716 83 67 133 776 309 860 640 371 687 497 861 114 785 684 128 103 704 673 621 794 790 
676 983 233 910 75 298 908 611 56 727 813 242 959 48 236 953 737 483 475 789 792 531 48 975 769 711 678 85 996 106 719 832 607 463 440 355 415 343 634 691 11 239 504 162 806 503 109 339 976 736 215 568 946 690 757 771 526 733 82 621 702 789 200 438 771 778 1 537 295 136 631 112 380 248 288 392 513 353 785 72 780 299 801 972 192 527 204 643 157 997 589 964 24 711 261 930 314 357 133 329 
136 690 373 248 297 585 862 314 283 411 197 533 761 498 656 70 137 860 769 324 544 703 288 886 176 584 987 492 95 277 38 663 420 405 175 67 543 236 751 757 302 157 353 344 329 119 859 301 82 913 401 501 483 663 493 984 426 474 98 244 119 418 737 984 4 138 488 637 700 443 906 643 895 401 365 147 799 569 158 695 582 392 554 829 844 710 10 703 499 831 762 490 449 941 821 461 23 955 510 647 
636 530 956 231 851 230 254 50 700 119 63 957 136 775 630 419 268 457 510 60 907 888 861 695 154 700 453 147 762 636 754 624 880 265 491 412 790 771 810 774 466 148 262 39 766 511 734 397 37 58 399 806 529 524 808 774 543 940 258 789 472 301 599 71 145 770 544 59 811 13 876 814 317 360 983 635 384 15 55 335 894 253 466 630 378 572 65 27 836 877 595 565 221 632 995 476 597 497 859 893 
858 982 597 317 457 938 645 429 280 710 53 117 457 925 237 328 224 650 945 260 18 889 515 288 418 932 409 908 54 770 745 615 575 561 301 140 762 247 397 639 64 271 944 420 759 413 765 522 431 494 93 554 961 473 246 721 275 479 216 836 581 296 477 681 328 313 188 960 252 752 813 505 8 466 20 10 138 310 188 209 532 330 454 757 986 50 992 143 258 642 266 999 852 325 678 306 254 9 877 550 
674 385 479 509 736 465 156 114 489 430 982 287 331 42 669 270 462 420 803 623 838 541 300 80 167 849 939 568 853 406 709 441 175 337 382 578 486 743 61 861 943 503 970 881 801 806 8 215 207 106 681 826 723 151 779 376 248 3 730 660 847 48 421 623 482 310 82 816 728 381 992 50 853 631 889 180 197 344 463 742 547 147 461 949 466 798 741 970 258 838 923 958 138 954 678 616 320 921 154 281 
736 397 70 587 8 616 706 874 21 354 833 227 84 302 69 200 94 165 230 930 471 5 886 380 993 357 332 323 831 476 216 475 533 351 717 473 42 740 980 151 452 568 985 704 956 853 62 152 340 33 432 980 200 108 9 938 107 442 244 874 449 331 968 903 581 602 214 855 367 852 811 559 367 525 942 93 280 886 175 944 719 190 117 345 588 745 791 847 474 417 418 392 753 7 249 353 778 444 704 53 
814 996 537 969 35 184 71 526 887 574 173 156 376 668 526 98 524 968 7 8 705 2 491 316 143 798 735 254 895 829 341 251 372 27 613 901 615 771 304 61 531 257 623 848 701 149 15 93 560 685 747 561 839 514 711 612 367 900 733 978 753 974 827 449 212 999 607 342 189 37 720 380 687 774 394 832 314 120 772 648 816 10 853 211 961 168 932 775 394 307 522 960 521 746 710 642 772 364 975 350 
434 986 13 148 267 328 207 808 200 272 441 873 633 430 350 129 264 965 884 906 1000 169 13 252 736 392 220 632 176 217 185 507 646 750 626 36 419 50 245 753 175 728 627 932 888 69 51 574 390 42 998 277 979 288 707 400 746 920 153 979 801 321 912 439 506 491 75 852 243 123 417 575 756 72 18 363 382 597 38 505 80 873 498 467 717 725 410 961 531 660 648 911 575 671 794 705 964 675 268 772 
741 815 814 824 707 18 462 805 186 114 6 830 380 421 925 623 631 865 601 171 450 136 137 692 872 411 540 454 944 722 13 521 815 482 291 258 665 216 884 61 183 763 145 186 359 509 292 16 908 535 154 570 360 577 85 264 769 921 50 359 447 168 172 738 168 260 653 333 41 581 424 190 693 902 14 36 38 763 437 108 743 727 366 646 580 966 301 281 489 607 501 957 621 353 748 457 321 943 195 473 
268 242 370 56 798 316 196 144 526 904 40 168 972 530 143 963 893 481 46 962 691 973 866 725 877 828 491 982 191 296 206 180 734 318 95 276 699 850 767 171 334 793 693 341 414 831 560 52 744 920 455 225 472 536 589 247 606 796 462 443 965 717 198 837 761 593 724 524 415 634 291 237 531 803 128 558 306 124 54 932 776 118 535 440 559 358 460 235 618 906 680 478 474 699 629 268 991 797 790 30 
733 281 659 648 43 632 352 454 49 366 150 926 10 524 957 506 172 808 734 182 76 223 314 858 958 244 263 585 305 52 137 221 468 354 562 382 862 764 515 802 872 525 573 195 485 262 862 316 545 337 139 886 865 57 585 407 921 455 467 744 809 973 281 262 561 135 662 454 135 2 291 258 700 108 833 820 292 618 366 375 22 796 224 396 832 180 122 414 286 779 842 416 686 346 524 491 387 670 642 513 
219 38 164 258 6 730 887 582 144 404 739 275 10 181 797 643 71 603 398 414 742 525 33 999 665 490 404 423 982 750 530 11 278 991 379 579 680 370 53 581 586 394 284 158 228 384 472 829 129 22 650 20 464 108 266 585 21 589 475 201 732 507 963 59 592 18 378 757 966 889 676 787 560 572 619 30 470 49 171 86 783 723 963 93 745 459 955 526 870 736 953 176 564 794 298 580 448 407 443 859 
625 44 471 304 547 899 617 323 46 497 586 563 953 610 439 753 15 657 856 6 54 342 530 699 200 765 640 560 239 754 157 261 778 259 757 857 261 522 745 902 61 485 101 847 206 355 776 822 517 693 810 273 423 218 701 899 436 557 406 10 359 611 930 398 890 313 319 635 907 178 358 472 488 175 245 104 988 425 459 836 489 31 200 71 13 493 195 290 9 694 484 267 694 35 906 379 658 311 343 446 
278 200 719 142 639 439 155 660 377 570 226 840 281 836 769 75 777 928 921 907 525 432 68 706 111 857 174 177 557 157 185 288 488 954 297 516 92 776 601 778 268 527 595 365 206 494 626 15 28 777 964 565 565 971 21 459 190 834 871 72 815 906 347 745 293 857 506 595 507 738 161 380 999 242 757 666 676 549 49 628 381 128 380 175 155 718 626 705 271 144 768 227 241 53 544 978 448 754 993 399 
454 393 866 633 285 75 678 340 449 334 651 823 985 97 647 890 501 608 970 339 903 26 754 623 417 512 158 678 474 991 886 57 334 691 773 184 712 680 221 516 510 674 157 967 816 635 312 796 451 928 763 286 795 287 786 340 270 342 583 513 892 240 104 872 100 519 682 701 117 594 421 61 550 431 534 818 446 986 386 261 906 392 35 677 393 475 49 523 590 907 824 679 640 521 128 995 74 878 521 841 
270 713 255 915 887 200 294 862 168 203 9 476 702 801 620 100 44 74 272 987 328 372 647 579 852 346 394 740 760 350 943 635 353 703 634 754 539 901 564 463 645 951 92 809 654 198 943 489 372 989 706 528 231 52 721 122 35 409 432 86 980 257 821 581 413 1 723 746 133 178 872 959 338 470 20 683 642 906 161 81 993 860 198 379 830 916 428 883 978 970 648 618 2 353 221 133 738 704 738 332 
803 693 313 45 417 927 65 192 618 526 418 350 431 912 455 747 814 837 813 448 567 931 696 680 757 784 209 553 949 542 819 580 272 722 637 789 350 892 471 794 57 575 945 4 944 355 102 66 471 800 109 726 537 840 22 599 968 426 782 140 482 888 759 982 361 868 565 803 985 703 518 110 220 641 739 931 290 431 863 460 198 969 606 720 649 806 706 194 885 186 752 590 592 704 598 131 68 1 574 175 
238 691 619 80 200 621 231 251 606 625 825 347 667 517 452 665 710 412 335 118 388 772 792 290 507 401 518 919 68 727 82 753 94 857 815 14 1000 748 10 136 380 280 234 399 76 621 280 503 270 869 58 80 248 494 859 892 582 492 922 32 178 741 333 556 752 200 741 679 104 636 90 859 853 678 76 26 362 668 972 56 390 19 443 249 76 565 102 238 708 64 324 706 498 591 266 963 807 179 653 950 
820 224 227 145 90 824 964 760 148 334 604 257 34 395 479 402 792 455 770 292 924 122 715 337 714 43 924 336 14 511 775 640 875 323 14 503 75 982 968 686 434 903 917 656 623 127 205 168 795 727 295 630 540 141 857 883 93 476 342 466 533 136 408 10 110 761 601 972 102 269 999 862 269 189 256 74 759 211 41 472 488 282 616 742 312 416 888 169 398 604 998 109 816 30 588 318 2 811 610 296 
544 591 914 98 240 20 14 128 960 942 405 573 409 390 402 803 456 639 443 873 950 586 642 121 363 899 158 290 677 749 512 74 661 343 560 205 649 599 577 136 115 141 950 648 561 242 143 24 934 746 997 869 960 105 66 547 219 339 730 923 526 970 778 746 957 136 537 231 690 44 399 510 601 818 64 154 517 409 320 197 698 36 250 969 972 150 105 34 584 401 506 827 573 716 765 33 751 820 443 49 
835 152 92 8 226 426 333 428 348 202 132 121 988 125 185 915 277 136 690 841 908 523 428 903 227 0 785 592 689 14 796 915 771 350 453 74 739 153 766 125 917 652 643 338 573 218 32 226 738 634 357 644 840 886 978 180 562 631 695 98 968 355 25 259 51 107 591 318 394 882 599 281 48 234 15 689 151 783 507 172 957 521 223 624 113 746 121 375 463 584 712 199 341 417 32 236 92 251 24 644 
369 59 943 839 796 781 507 496 830 248 563 919 570 736 294 697 239 871 624 474 836 943 69 594 42 470 690 162 888 547 564 250 4 600 99 388 890 711 848 483 945 928 644 708 579 905 821 595 917 370 670 134 784 134 854 6 854 962 662 966 796 526 748 479 723 553 251 578 127 725 326 280 187 665 346 215 982 260 685 679 794 140 793 608 611 504 588 851 620 977 391 700 710 722 910 609 197 483 75 513 
608 516 251 835 628 194 619 627 286 150 924 253 299 392 66 701 998 177 803 817 865 191 453 682 534 230 563 863 228 645 411 873 257 517 366 426 278 716 61 246 353 68 82 218 899 233 451 429 564 747 508 922 808 690 667 214 654 34 992 5 414 474 33 716 583 59 521 839 838 522 173 713 479 416 917 153 721 208 840 242 276 527 249 787 410 180 990 289 952 236 784 808 77 464 943 896 773 718 168 159 
546 156 570 608 734 214 270 70 729 233 920 943 279 752 989 516 498 654 649 423 671 962 891 289 971 387 134 660 840 51 382 823 727 803 505 810 224 165 577 884 943 6 547 824 365 114 684 462 775 851 927 576 990 913 904 562 907 288 149 325 302 372 122 105 206 356 195 750 144 427 576 633 179 717 447 336 17 312 636 665 711 526 817 202 111 159 743 683 114 925 788 79 136 511 46 36 572 229 180 496 
190 26 770 742 63 337 517 919 78 406 649 859 727 277 372 161 211 867 166 331 656 102 854 201 78 600 175 900 785 957 811 676 755 987 284 72 910 918 513 409 679 245 743 219 915 385 381 109 55 248 136 311 500 109 631 316 957 234 892 257 617 557 545 143 161 257 81 732 269 146 814 639 499 317 706 991 954 973 185 971 34 227 757 206 179 610 185 303 975 295 594 872 904 897 491 826 598 258 978 664 
509 586 468 128 956 810 675 866 390 863 21 743 371 186 866 176 536 670 494 667 93 521 836 318 246 912 492 419 140 725 127 467 22 227 953 429 449 386 115 462 739 217 686 858 244 73 657 231 599 614 13 295 694 343 486 630 805 789 423 841 696 478 836 771 286 431 142 396 372 917 484 588 127 541 435 196 99 471 791 708 132 762 70 497 567 200 802 652 940 435 449 258 789 379 831 931 772 232 279 279 
33 348 230 957 112 875 879 786 69 22 195 796 90 82 982 969 380 465 287 673 432 890 685 702 141 913 601 38 793 113 493 341 456 660 38 957 90 917 198 92 738 269 30 313 829 606 655 224 114 867 940 21 740 817 665 641 169 542 541 487 258 845 807 195 687 130 373 896 677 100 332 187 109 928 758 192 890 701 727 997 981 176 902 96 275 661 327 922 114 99 756 480 289 644 191 566 881 606 591 921 
342 892 291 190 546 576 216 857 946 849 433 721 134 570 18 669 502 631 420 337 589 20 223 862 545 512 522 884 799 160 554 367 701 938 777 819 416 626 860 54 743 920 96 188 583 101 942 296 562 453 95 340 186 641 617 822 885 448 138 882 65 771 849 138 3 248 693 180 243 779 809 362 408 195 163 594 854 868 266 438 732 731 466 627 34 959 552 266 146 183 540 714 433 167 636 247 148 857 417 609 
968 714 336 93 537 365 765 28 459 539 73 447 51 674 364 870 811 108 592 563 729 347 814 542 556 453 623 974 847 923 991 986 910 51 815 169 273 739 763 265 420 778 49 305 888 327 772 976 80 860 7 834 747 728 939 17 824 815 660 594 214 173 371 1000 246 560 717 755 478 776 424 392 192 499 207 937 276 979 191 476 409 884 218 234 273 806 704 149 324 113 0 438 454 239 164 706 199 215 860 151 
910 853 112 615 976 381 421 264 748 225 669 711 751 981 161 107 283 881 531 28 991 232 409 413 677 555 605 55 197 451 42 692 613 458 919 773 12 382 748 861 753 877 825 859 179 36 991 934 313 789 395 924 554 175 715 825 283 88 461 208 241 33 4 723 38 496 28 825 489 319 567 621 784 550 608 540 640 388 190 331 725 821 252 527 589 58 139 750 377 353 358 777 519 283 212 211 824 1 679 926 
722 461 971 469 618 237 857 83 96 845 934 42 874 361 64 813 809 121 9 387 260 410 387 441 350 747 400 712 292 203 195 599 194 170 634 486 242 312 844 759 524 688 487 253 54 42 249 226 497 522 795 117 209 751 698 463 243 119 591 519 596 622 366 669 156 410 52 823 508 593 422 895 597 192 832 819 552 282 593 105 433 172 583 449 970 687 927 415 65 202 121 314 699 669 273 929 836 48 23 199 
226 596 980 465 204 617 594 523 657 351 491 186 589 311 984 240 753 377 258 961 520 277 496 997 990 772 302 136 465 390 844 341 448 763 874 802 211 854 515 280 910 30 586 900 763 641 173 703 22 587 736 684 961 143 972 72 178 740 468 448 54 34 772 875 425 2 387 578 475 421 617 226 589 777 972 516 722 589 486 589 910 847 604 797 591 93 410 769 719 142 929 473 681 275 556 673 806 407 849 350 
251 252 357 623 529 291 20 665 870 95 521 947 775 926 676 277 402 277 359 469 887 523 642 782 12 469 420 413 694 691 985 699 519 2 44 222 192 789 615 828 410 396 277 692 886 423 849 616 426 319 165 571 97 532 284 27 634 94 153 406 671 176 421 138 609 503 92 705 451 170 305 504 350 297 231 215 502 403 92 145 813 984 434 137 705 388 52 528 670 300 192 756 181 424 266 917 308 611 563 347 
145 479 848 226 331 283 473 24 336 721 656 6 740 357 401 871 637 688 68 78 547 84 287 454 288 138 290 827 233 536 398 504 52 720 391 741 929 664 737 132 987 202 527 388 245 209 571 456 220 50 642 157 314 636 97 140 485 338 903 440 19 469 475 637 344 548 718 659 862 574 416 800 81 6 786 580 619 24 915 400 733 518 187 39 61 282 397 933 755 821 972 996 317 10 807 82 71 581 418 244 
347 490 769 234 559 435 205 795 131 999 148 12 691 498 346 603 21 184 306 831 269 591 770 891 865 589 836 253 886 871 353 524 671 538 967 416 289 137 401 98 171 172 526 997 8 943 37 313 104 81 312 81 911 791 135 87 89 958 585 623 231 140 140 192 86 207 583 207 894 271 927 903 573 283 406 247 1 989 256 329 762 340 390 44 803 420 632 233 951 941 852 733 613 124 115 321 545 256 854 466 
365 933 81 864 433 290 903 24 180 861 691 243 751 342 189 849 919 541 209 1000 56 733 754 327 132 406 405 253 429 444 354 237 594 167 875 954 214 890 338 176 553 642 398 735 90 849 373 563 905 744 26 341 348 26 436 184 31 1000 677 415 749 574 841 16 381 328 857 974 913 256 249 244 664 655 994 106 772 448 700 123 434 940 27 108 503 903 109 386 853 335 422 435 379 566 512 794 263 763 788 39 
923 452 511 671 602 71 834 355 783 118 486 680 0 995 528 6 955 187 78 634 645 632 662 168 429 522 648 806 325 195 993 472 111 433 140 974 906 77 133 963 559 44 631 735 576 301 132 61 580 925 577 478 31 224 178 301 864 514 376 745 844 451 380 984 762 296 345 415 753 911 794 356 253 631 201 188 991 577 764 899 492 422 573 939 183 435 812 443 942 203 336 560 607 343 632 258 807 255 57 778 
325 70 323 834 184 810 608 651 834 266 59 873 489 794 960 87 981 605 423 512 650 693 946 890 353 443 827 826 678 655 485 18 194 36 388 704 119 821 917 102 969 177 4 577 26 165 633 34 193 779 386 999 94 833 333 196 297 935 175 408 964 816 323 318 789 469 346 447 811 660 840 394 404 924 144 201 366 71 619 649 270 424 525 451 834 871 977 653 59 855 426 37 347 305 767 781 960 261 223 687 
670 249 342 418 707 591 153 415 740 210 469 554 791 733 505 235 199 645 319 678 636 760 734 115 776 799 636 26 503 972 313 815 112 736 830 300 251 286 789 395 644 865 484 210 292 206 746 496 176 808 108 230 78 113 935 363 15 287 354 245 0 197 1 321 720 785 602 611 785 586 770 87 344 443 257 709 427 917 743 224 167 768 946 622 885 971 933 604 126 590 758 829 137 10 995 787 527 425 257 223 
0 744 633 833 300 516 189 215 664 33 253 862 566 277 464 248 370 403 698 967 745 43 440 911 383 670 391 841 450 832 273 265 716 108 469 866 989 595 124 217 809 670 240 958 566 12 709 207 713 190 96 347 776 224 447 548 64 714 215 985 641 67 856 362 140 771 476 577 646 247 169 292 902 79 157 590 302 734 755 859 428 523 151 874 250 476 559 993 472 358 499 278 371 708 500 291 55 736 775 816 
660 994 879 285 704 845 535 96 799 649 998 775 321 303 217 992 847 995 591 658 430 947 772 138 711 717 665 271 231 617 378 699 936 484 67 556 839 299 243 677 917 989 597 764 171 982 243 695 63 14 195 821 145 535 11 13 439 204 349 858 242 518 122 156 123 766 168 155 186 191 922 216 75 372 807 794 438 584 533 264 569 447 226 89 807 77 410 338 705 877 723 526 740 168 116 630 376 93 187 343 
33 610 68 751 206 801 814 826 267 949 868 409 671 348 208 297 995 136 574 633 649 317 115 244 768 912 144 55 525 842 482 763 307 578 766 461 375 949 474 716 825 564 827 569 65 292 768 15 623 464 448 70 601 355 150 45 863 645 839 726 912 389 297 866 683 101 271 468 882 192 579 728 611 403 659 238 253 921 933 519 541 421 649 207 742 810 483 27 954 877 378 923 586 420 914 633 499 642 949 134 
961 663 765 861 78 902 190 171 281 993 491 957 835 486 537 121 59 422 706 884 309 373 946 141 523 286 898 267 283 651 383 631 475 689 159 643 807 38 494 867 743 488 253 350 439 607 64 75 253 842 968 505 603 721 780 868 17 383 989 529 483 989 150 165 512 991 742 16 588 243 844 985 298 637 711 44 842 871 917 808 907 360 109 545 504 839 251 138 186 870 61 569 375 100 369 367 376 931 507 993 
215 116 353 743 914 493 224 246 727 751 599 696 678 320 831 582 778 602 729 26 632 186 108 274 303 115 722 579 802 374 28 705 859 590 246 898 232 800 957 238 655 415 139 793 794 801 982 709 194 397 185 91 368 422 781 806 324 713 620 56 29 991 571 439 403 76 511 588 329 890 376 237 142 63 687 892 347 409 175 581 318 416 83 882 975 920 617 567 89 982 303 180 96 77 309 750 852 20 656 702 
563 140 957 131 629 671 795 523 765 164 913 0 837 566 625 933 462 54 962 797 360 818 413 199 639 373 779 964 351 108 479 492 998 773 309 274 313 511 896 117 906 378 206 432 725 391 128 12 279 241 235 126 27 205 223 212 915 908 762 612 778 337 610 453 581 164 602 523 469 613 882 221 264 796 428 312 830 495 430 892 488 405 798 943 95 6 732 568 258 542 375 371 599 500 285 590 117 142 464 302 
174 732 387 425 198 753 840 925 833 907 473 768 636 184 560 264 735 862 986 235 526 543 940 937 877 770 366 521 478 766 879 382 277 598 774 743 492 851 25 852 618 561 481 600 987 740 398 901 61 172 460 1000 328 974 805 890 140 489 267 271 56 480 448 385 875 825 452 425 687 878 728 749 169 621 990 411 470 191 193 978 848 469 488 728 435 323 232 954 311 656 91 524 766 41 916 783 30 423 930 838 
528 420 871 486 946 266 802 579 71 250 583 51 921 235 380 361 744 944 727 224 822 245 359 99 225 942 790 297 358 566 585 516 69 318 769 703 190 660 343 866 47 778 268 905 359 779 869 844 448 825 760 563 281 45 453 450 858 10 874 677 716 570 305 442 499 715 630 167 228 928 465 424 923 123 918 144 701 781 195 711 171 238 709 668 700 796 837 790 19 305 670 699 291 661 304 559 577 450 280 176 
401 638 716 855 38 372 637 418 858 461 560 676 989 956 415 746 167 450 439 813 73 350 770 571 122 116 167 631 248 200 223 85 484 742 568 58 202 841 762 615 281 311 445 302 679 575 734 773 72 436 825 155 46 749 71 738 774 820 108 534 17 337 948 29 899 591 80 372 322 941 673 596 340 278 924 584 173 692 308 202 93 378 903 594 872 84 847 817 625 785 543 680 141 521 92 202 990 224 294 228 
558 440 157 781 198 905 45 940 372 916 807 59 940 227 938 93 567 239 265 803 71 145 114 427 6 246 887 289 715 29 624 631 398 272 943 187 974 817 631 253 260 139 268 883 140 287 252 774 494 899 507 32 904 269 843 382 537 589 86 314 841 461 395 843 244 871 780 965 838 460 132 39 774 186 721 802 788 860 178 2 74 396 872 673 485 587 763 98 493 371 400 796 641 425 418 615 299 421 262 682 
74 103 880 543 461 735 128 431 540 181 322 431 83 330 777 804 469 427 27 206 627 40 981 878 680 906 26 859 388 813 827 603 951 808 681 232 345 513 554 937 614 273 840 211 132 980 474 237 511 517 447 335 328 79 905 692 633 696 177 549 325 58 775 889 278 730 403 122 327 601 205 304 684 437 873 583 749 578 159 61 442 802 646 104 614 93 296 963 49 268 421 163 110 98 224 519 552 898 546 165 
686 752 762 531 281 625 348 676 446 990 720 616 802 523 511 66 938 293 25 375 977 784 667 573 648 532 967 527 660 747 664 375 730 157 874 229 137 544 676 981 362 192 188 930 436 192 542 248 339 653 611 618 761 814 892 292 661 244 642 957 985 157 354 253 217 331 937 996 521 730 28 919 125 982 690 3 584 944 353 841 738 316 995 374 942 548 853 93 10 459 814 298 529 192 81 23 911 946 574 487 
908 110 378 493 333 365 253 119 46 644 948 940 848 369 513 5 163 389 530 204 910 160 185 412 734 74 60 556 207 653 250 582 981 357 623 287 690 825 712 686 360 170 272 36 809 251 531 538 742 530 830 107 177 346 295 309 582 699 257 725 45 245 576 34 411 485 183 382 77 608 224 133 252 868 576 979 454 198 886 379 60 485 567 621 459 259 29 74 702 811 12 228 312 352 598 703 519 518 855 328 
89 873 864 511 489 731 226 752 704 701 413 892 623 156 104 243 75 461 856 986 84 20 432 824 769 705 320 207 750 300 604 524 236 843 910 627 306 547 737 179 18 215 783 438 621 497 604 485 476 315 388 747 949 289 681 553 88 797 904 210 276 567 983 322 637 628 133 399 37 76 325 658 233 287 453 179 972 843 182 586 617 239 114 359 819 118 324 28 0 673 993 457 702 372 61 309 816 865 743 974 
996 789 593 303 257 435 101 777 167 283 43 31 660 430 442 161 752 729 1 553 194 852 8 568 448 761 997 367 695 960 869 61 191 516 280 490 951 271 708 622 486 803 844 353 709 951 339 251 611 313 261 132 43 506 375 427 404 363 858 262 101 524 954 783 88 517 340 719 558 456 851 393 754 460 321 923 143 919 694 182 477 864 251 410 331 26 140 826 332 487 942 264 368 205 692 9 254 123 536 660 
36 524 582 536 846 463 891 731 407 884 894 828 814 204 888 887 389 652 131 4 817 5 54 387 752 576 343 285 310 487 683 62 209 160 145 976 831 598 3 621 113 866 729 528 655 156 916 763 97 423 980 542 853 650 445 643 674 723 573 734 390 552 192 340 769 81 994 616 948 941 705 855 309 965 911 938 164 516 341 932 889 453 289 220 882 628 512 504 758 740 426 921 90 43 319 936 171 128 445 980 
559 400 890 121 426 923 809 407 941 439 728 795 383 754 786 369 692 739 509 662 12 791 507 748 233 730 419 397 591 575 300 499 7 65 158 414 768 199 347 936 881 332 945 989 207 384 656 908 713 79 900 566 151 439 432 913 155 479 648 329 75 642 82 786 123 227 818 5 499 70 952 606 873 800 208 9 369 360 29 534 271 837 375 744 994 491 421 534 463 1 751 96 541 373 15 732 402 281 671 23 
777 413 541 683 427 722 373 123 632 364 41 868 393 857 318 304 483 516 360 993 101 189 772 503 433 284 175 831 870 493 121 857 557 359 684 380 808 639 411 157 430 701 425 144 88 747 430 248 576 812 269 346 380 163 444 480 568 877 462 50 891 433 874 431 959 576 464 406 901 163 90 607 139 2 672 682 158 366 470 944 953 164 944 992 931 169 677 839 60 394 587 713 274 909 219 44 896 381 735 489 
972 757 816 243 666 211 171 384 986 244 747 264 519 72 367 901 388 46 157 679 488 759 932 870 760 476 367 380 50 96 685 431 884 327 557 340 659 343 769 248 908 196 751 442 231 645 737 958 630 193 692 662 253 982 243 152 369 990 302 32 284 761 629 968 569 218 686 149 268 394 245 801 799 375 464 344 197 5 39 14 762 66 231 45 35 980 87 854 113 602 390 850 897 94 81 622 416 660 1 383 
363 513 312 731 310 272 350 994 704 18 249 828 615 1000 106 756 936 395 387 858 807 630 3 264 247 612 396 720 190 603 876 823 389 225 391 108 547 177 532 481 419 667 988 183 366 326 100 672 600 988 463 856 580 352 343 81 39 864 29 7 35 350 991 768 711 481 38 81 39 478 988 41 290 293 149 852 27 91 633 990 995 738 382 314 839 190 696 403 91 187 838 848 615 148 223 325 693 172 325 927 
645 885 602 115 264 13 408 43 604 993 184 474 951 529 696 70 584 446 800 198 163 42 941 518 258 394 748 229 700 649 171 438 429 894 955 979 676 19 189 499 943 766 866 393 765 523 691 0 507 450 449 952 985 516 42 245 174 81 443 868 901 820 221 239 901 533 544 614 547 940 667 441 162 871 961 768 335 924 499 442 568 849 665 561 159 387 490 177 894 60 652 400 881 211 908 193 437 450 976 390 
310 276 358 723 944 556 956 525 115 90 520 168 333 475 13 672 707 60 457 155 555 483 848 197 974 162 904 958 906 306 403 790 819 621 169 310 471 693 346 738 812 884 781 461 370 686 428 139 379 982 385 342 675 483 406 708 542 66 977 544 416 887 77 448 489 220 554 524 483 222 333 130 209 264 391 974 280 34 395 588 499 1 805 593 738 919 432 52 182 798 965 42 865 680 110 944 977 441 929 162 
196 24 900 800 763 821 978 755 62 454 614 408 67 47 535 40 748 579 807 948 259 358 422 104 313 979 424 657 921 283 881 455 954 622 599 371 797 326 976 700 157 653 194 346 489 259 931 40 454 978 641 873 68 543 872 273 728 287 139 189 256 451 630 615 956 200 771 348 496 211 456 447 365 800 790 272 415 313 967 934 105 864 34 904 993 780 419 134 865 553 918 837 891 35 661 675 548 81 402 695 
879 964 466 282 534 887 238 280 928 108 299 961 559 553 809 662 362 329 281 71 389 129 873 979 1 913 188 865 208 115 878 371 159 96 233 317 505 657 211 823 84 771 889 721 386 877 388 711 55 252 719 592 918 681 909 721 124 792 87 515 785 151 953 682 512 323 119 265 310 341 205 727 929 751 283 410 97 430 203 537 246 475 131 598 838 778 220 411 391 529 462 826 651 803 329 697 298 3 417 114 
724 188 729 488 834 504 987 435 50 670 865 404 415 418 876 718 397 826 378 406 175 487 473 732 932 834 749 255 794 521 721 546 676 793 782 583 78 428 19 362 78 646 192 398 765 107 734 865 439 920 781 739 645 985 38 679 727 113 663 629 617 12 926 765 292 807 947 649 544 439 411 940 247 269 604 788 150 52 725 22 444 263 840 905 498 406 545 416 206 546 802 88 92 412 227 724 613 138 472 220 
831 679 614 557 77 880 866 623 304 143 29 80 20 459 801 242 283 697 861 523 461 660 340 522 45 544 914 859 882 807 750 384 837 450 723 302 114 8 759 310 554 87 996 608 844 82 166 829 155 403 153 85 585 421 111 814 169 583 251 712 377 759 214 389 298 857 799 228 42 948 41 374 385 691 689 368 680 319 241 220 188 358 112 263 47 178 30 386 807 751 825 686 422 246 313 990 338 424 158 251 
644 582 985 874 129 15 333 162 449 757 568 422 757 19 64 709 293 13 81 261 958 729 16 768 603 690 673 59 836 938 420 853 198 239 522 277 873 566 604 112 528 625 463 120 175 347 455 835 340 432 953 401 391 688 999 71 833 943 970 53 758 953 125 471 591 37 998 663 68 615 573 728 932 344 360 233 913 649 33 108 615 365 695 243 510 691 647 103 990 82 498 58 403 49 895 160 96 241 935 852 
357 547 404 104 860 688 527 739 79 858 784 118 534 851 648 164 901 440 663 549 137 850 565 741 327 902 654 634 482 482 810 33 771 380 50 178 888 317 610 271 767 727 457 489 530 670 864 794 922 800 842 556 591 716 519 967 391 414 242 5 706 255 933 918 278 228 1 87 50 195 154 75 928 762 352 137 968 189 865 283 255 108 844 80 294 541 489 369 324 805 792 323 713 455 433 164 239 504 873 250 
349 266 324 383 181 250 268 774 469 138 760 341 454 801 544 617 182 604 596 9 295 841 556 47 485 737 535 73 810 883 965 330 664 207 849 488 381 496 361 71 376 351 499 20 388 126 183 865 607 436 574 578 956 194 247 432 255 90 125 269 603 348 460 20 88 602 370 852 189 296 350 693 198 211 10 822 244 365 446 873 138 86 46 135 436 280 717 302 69 783 766 535 18 868 922 896 771 532 740 773 
896 340 632 11 383 10 407 746 511 347 279 655 703 242 839 826 954 647 833 412 104 73 476 75 858 170 71 342 746 739 378 389 71 74 133 793 667 427 108 687 933 643 757 998 735 413 379 53 402 832 759 590 637 121 976 321 931 532 911 381 498 168 558 197 902 235 751 774 778 784 639 781 449 307 998 572 812 596 827 940 713 426 171 671 131 155 287 242 914 571 65 53 810 685 642 966 371 384 60 184 
455 27 331 183 52 410 583 379 791 672 277 393 817 515 405 554 873 5 611 706 609 494 863 314 608 19 665 519 252 884 400 489 816 87 605 246 841 642 699 40 993 708 325 250 252 1 867 871 382 728 179 71 187 437 345 132 112 375 409 948 641 594 485 437 626 253 439 245 537 577 505 823 516 313 751 25 252 96 401 648 539 516 313 643 302 679 627 716 179 843 683 571 390 888 878 394 14 514 31 557 
47 988 724 72 580 666 74 156 208 455 33 11 954 178 788 212 902 237 852 706 859 366 1 13 236 319 403 522 553 683 314 554 246 281 444 357 182 990 845 35 43 775 995 742 340 704 934 109 795 653 990 467 101 211 459 436 596 359 253 731 472 901 823 686 740 739 77 755 891 212 212 270 911 577 144 581 616 124 849 316 502 945 595 622 387 848 717 335 120 967 462 790 916 951 473 899 341 361 98 874 
26 238 277 259 193 235 864 622 241 428 483 589 913 983 437 922 342 171 556 887 354 368 615 715 481 491 598 489 273 166 859 588 418 477 70 581 720 566 85 98 933 667 370 686 5 230 877 576 50 769 781 925 613 196 491 109 266 469 714 626 811 783 267 211 526 835 350 38 144 714 459 994 628 101 551 739 267 418 295 837 793 199 786 677 426 34 117 446 629 832 551 106 263 26 811 493 71 836 221 503 
666 772 145 746 383 631 586 608 740 381 802 637 959 472 843 597 264 416 102 319 50 482 466 871 99 751 931 399 919 176 786 212 409 514 677 761 624 785 358 896 402 999 444 11 505 454 720 342 143 272 468 548 972 2 747 967 966 248 712 84 772 528 167 895 782 845 62 974 126 943 250 704 5 738 491 778 338 478 778 171 852 143 44 115 673 723 242 840 905 728 594 449 191 325 225 251 549 381 734 39 
489 267 460 197 582 755 804 132 826 717 831 444 875 797 831 706 796 162 623 327 391 58 518 199 753 232 883 297 690 2 467 675 533 968 875 746 365 345 640 928 694 37 234 74 646 61 350 311 286 570 398 605 679 488 371 299 788 921 577 893 629 620 141 365 75 776 401 962 968 16 923 910 191 455 84 577 127 796 17 802 264 144 454 88 198 261 547 753 253 219 169 943 42 493 242 105 610 483 184 533 
591 546 383 373 776 899 94 809 34 733 373 761 650 323 55 823 419 869 624 530 340 625 485 568 755 823 496 516 5 549 662 258 901 823 422 734 459 841 264 911 912 562 286 982 914 221 323 294 332 484 11 356 56 269 390 591 521 486 384 480 64 1 934 708 21 376 115 659 974 129 778 38 604 604 373 293 761 600 30 129 673 745 582 235 525 739 839 181 833 600 622 334 497 1 817 30 440 801 649 739 
412 748 598 432 576 371 432 921 42 653 280 432 265 843 730 671 878 927 42 650 906 200 902 997 169 900 266 86 858 672 64 424 141 509 36 384 827 986 490 352 624 1000 385 532 907 999 652 771 259 700 98 635 397 955 51 375 355 895 167 645 636 605 975 628 233 799 842 376 19 617 148 885 798 831 685 268 518 611 689 863 377 784 326 212 599 908 314 573 909 188 361 109 798 360 24 195 230 88 871 493 
581 379 132 237 459 787 162 103 751 625 332 688 191 997 732 573 382 535 568 440 268 556 723 58 9 978 336 284 910 746 196 110 33 377 681 861 322 615 928 610 136 283 193 925 586 81 302 393 818 490 339 507 274 287 653 638 160 238 898 320 866 673 82 287 606 239 94 360 845 827 339 416 811 188 593 671 293 812 896 104 28 439 410 875 867 357 286 476 604 464 63 517 969 732 348 637 310 309 726 449 
277 189 463 270 491 941 379 939 884 234 293 19 268 425 738 797 355 949 966 1000 368 442 194 490 683 431 675 135 653 432 606 306 875 816 79 957 838 672 44 955 99 835 814 517 486 757 319 140 680 38 514 60 873 406 15 802 912 614 624 785 346 793 131 155 797 758 881 55 470 843 667 357 621 128 196 20 4 760 129 309 315 585 883 36 785 618 746 246 387 979 221 904 208 72 531 923 302 961 303 869 
187 94 983 320 343 826 377 745 900 494 459 819 489 619 596 959 269 506 913 545 937 878 673 857 338 248 182 704 900 954 971 643 107 110 859 911 212 944 761 606 58 868 129 202 410 705 858 669 748 174 941 159 41 777 735 400 888 215 481 310 283 506 342 775 703 413 631 84 213 640 780 268 657 786 913 991 195 30 986 757 450 806 911 863 453 426 96 103 147 854 507 657 99 644 841 341 827 807 430 712 
82 249 933 186 194 714 922 498 604 670 243 686 501 634 363 904 472 97 73 829 913 849 744 449 42 621 29 708 838 718 833 943 779 702 489 430 739 543 973 52 19 875 158 631 189 133 386 948 79 309 799 714 393 405 827 860 692 174 689 84 797 508 391 591 681 292 893 27 272 872 180 666 931 304 977 729 272 290 915 425 258 883 683 982 224 207 533 639 287 72 72 366 560 10 120 932 171 74 248 895 
823 91 100 333 515 292 511 172 476 299 310 395 248 709 89 622 129 792 231 307 860 151 554 627 1 530 457 621 471 892 358 315 90 502 875 980 598 510 470 984 525 693 91 553 206 627 84 593 946 247 441 824 767 683 693 105 557 448 649 314 156 333 280 889 260 269 945 533 402 615 525 783 43 737 462 437 954 445 171 858 248 25 272 152 630 471 443 423 537 60 775 810 733 827 655 904 364 557 448 859 
826 762 685 561 669 501 60 196 394 982 383 694 767 903 215 462 330 208 854 602 77 377 304 989 994 791 135 614 241 931 30 199 815 513 516 459 27 660 746 720 729 67 424 657 407 49 726 155 793 540 298 577 547 796 633 634 738 723 254 173 748 305 669 324 184 802 490 8 992 88 795 509 149 274 371 489 706 243 184 941 472 542 267 43 308 121 341 994 219 768 756 551 955 163 3 992 284 814 294 596 
232 358 327 227 914 993 455 150 419 217 508 652 5 763 143 448 87 584 383 4 321 664 311 963 28 896 440 941 60 799 252 109 625 511 283 919 95 388 809 235 780 590 705 511 22 533 699 628 909 507 251 784 406 558 858 995 453 334 160 235 284 568 549 367 251 338 296 426 276 361 936 702 988 565 873 49 346 558 372 540 846 215 133 161 760 693 743 71 33 693 87 79 742 878 164 474 895 35 780 676 
529 134 484 549 627 512 418 155 11 378 565 388 998 854 329 378 938 904 876 756 475 358 65 607 489 8 305 872 169 509 561 170 905 101 521 317 965 575 924 336 967 178 486 266 621 823 544 330 215 194 535 506 249 899 891 742 714 812 740 586 56 825 333 130 222 29 48 255 495 661 79 334 437 11 674 885 171 185 585 62 254 584 34 29 329 710 945 646 632 922 367 117 614 30 329 487 399 331 986 569 
576 685 914 222 956 434 998 39 786 115 727 363 781 184 927 122 66 630 105 863 165 654 612 609 538 595 349 476 22 187 557 888 185 258 512 244 768 705 528 936 93 863 305 98 965 425 840 343 356 484 250 310 842 734 574 156 583 565 435 941 985 855 592 355 459 822 294 269 553 529 712 37 893 116 505 826 630 660 221 786 422 970 541 830 393 716 805 314 186 672 232 353 512 796 776 127 673 725 90 649 
451 762 712 936 572 756 60 357 258 830 59 336 462 762 801 744 56 87 229 940 852 233 803 89 667 278 314 796 300 1 650 271 339 265 470 514 376 900 596 458 613 472 823 947 274 182 492 40 703 179 462 383 581 81 948 370 892 59 72 93 409 382 491 415 537 697 32 629 406 39 612 912 578 353 752 309 51 516 245 590 361 693 212 648 76 558 996 293 380 489 645 290 950 755 872 935 227 259 274 628 
756 496 659 149 843 203 446 529 985 144 176 210 496 912 608 692 673 832 961 857 970 735 433 898 8 805 549 536 288 916 371 431 191 766 198 328 221 688 551 762 85 97 92 691 84 116 862 432 853 196 532 483 346 944 720 999 272 906 459 216 870 484 408 447 720 71 537 359 627 483 284 597 749 637 711 934 397 921 383 638 411 68 35 472 662 770 329 211 120 756 191 924 540 682 726 487 87 765 435 295 
264 820 308 427 569 758 51 576 31 580 144 782 626 492 791 23 473 781 466 6 541 737 960 695 799 542 333 992 826 567 780 445 130 31 281 481 251 845 701 743 548 315 285 290 955 717 180 878 606 858 223 513 871 452 462 197 463 702 255 375 128 70 807 311 110 365 71 193 42 343 247 365 364 205 287 509 212 825 146 445 34 227 604 153 849 861 914 82 666 585 18 271 267 736 807 319 843 746 486 87 
855 503 974 685 311 41 386 613 850 943 950 738 699 346 411 960 726 567 365 908 980 886 997 857 300 145 345 684 823 880 942 852 583 131 806 744 186 55 328 203 422 992 603 124 810 951 92 532 481 526 383 311 978 424 274 403 745 934 505 579 207 51 146 903 55 455 720 990 611 277 419 695 456 906 149 278 900 779 689 699 807 30 21 212 452 471 490 625 234 433 581 849 161 644 261 698 398 667 271 161 
489 940 627 89 236 471 121 157 61 866 369 925 311 510 730 197 103 163 518 932 756 468 96 863 7 203 720 956 515 22 46 87 869 879 791 268 429 216 329 697 152 983 523 379 114 843 890 123 89 72 474 379 977 904 596 32 895 3 53 508 905 973 239 26 578 472 227 906 934 905 956 954 348 422 137 439 821 302 392 293 167 505 327 790 887 572 542 275 466 596 901 409 49 626 167 899 534 84 789 445 
6 886 487 130 213 423 280 259 222 193 206 700 961 752 327 973 229 48 574 250 517 632 499 978 711 683 919 307 890 10 984 221 425 896 362 773 839 402 735 322 14 575 167 196 813 235 660 247 256 585 314 304 587 718 329 656 691 499 369 118 312 212 710 814 956 838 900 135 998 731 334 611 976 474 445 219 320 972 858 684 480 450 131 283 112 641 625 369 128 618 104 893 818 749 891 637 471 727 653 20 
537 721 109 477 68 619 545 255 779 352 176 470 430 284 499 497 594 715 780 410 157 559 988 224 952 351 926 759 564 470 472 933 803 120 409 165 399 271 846 748 609 279 320 794 102 916 569 199 869 327 3 689 125 547 493 477 299 448 310 246 771 152 831 755 46 384 44 487 549 307 463 506 565 795 358 724 383 768 428 53 701 548 777 251 220 159 988 854 601 821 278 259 460 162 693 507 175 206 831 985 
