1560633 1568450 1407229 1754918 1761766 1024043 1589802 1480839 1811261 1508805 
2401848 3426042 2098295 2868819 3385556 1380175 2342363 3105388 1978184 1964591 
2019685 2243749 1458552 1931502 2527313 1228575 2062092 2571075 1942108 1785130 
2011626 2698212 2734418 3100556 3007763 2089192 2515192 3145166 3397056 3173287 
1819952 1817003 1417655 1635351 2591994 1277038 2040629 2001710 1613131 1763928 
1909236 2505351 1901945 2718597 2740258 1983804 2016102 2740333 3172094 2339760 
1861941 2509622 1642781 1791867 2025923 1156685 1615334 2281085 1634076 1147996 
1913630 2086164 1858518 1766647 2170300 832443 2012589 1941903 1374424 1413500 
3096212 3916455 3512285 3260177 4301602 2540023 3590848 3606756 3405183 3135192 
1426356 2035237 2030911 1815775 2627436 1622019 2245166 2215870 2364040 2446943 
