473 108 143 959 406 36 719 56 560 506 603 453 854 861 900 989 860 355 232 976 704 996 986 387 530 857 510 746 641 871 380 73 263 814 219 406 218 473 965 379 158 765 899 277 903 780 503 11 10 673 963 722 542 259 383 590 322 844 115 698 552 515 198 364 411 66 442 541 252 757 744 89 136 358 275 585 299 947 756 710 337 884 315 132 144 261 580 370 333 39 608 629 432 397 921 86 878 145 506 794 
629 109 310 361 202 881 516 66 543 722 646 547 806 556 366 28 756 786 792 66 511 814 312 478 167 678 883 495 996 23 891 690 245 144 38 972 273 471 597 891 911 771 758 854 289 514 298 87 128 994 316 156 476 745 35 912 951 350 760 90 95 513 902 80 803 581 181 211 190 527 266 320 172 918 30 103 314 453 75 219 118 679 965 901 886 990 807 953 617 215 625 644 210 840 476 546 856 742 123 517 
93 756 989 141 589 962 863 793 20 169 460 53 780 150 643 786 526 474 235 135 996 270 155 774 419 877 810 753 265 314 283 60 466 652 980 942 88 668 815 119 924 600 809 911 850 521 84 513 641 787 532 239 170 8 452 976 629 718 235 129 65 119 198 486 384 497 174 399 909 670 814 669 478 226 639 293 435 943 681 391 505 31 63 401 198 146 710 797 852 776 443 139 714 98 60 608 227 722 599 446 
333 531 759 72 765 190 946 962 60 866 710 840 146 833 688 656 503 643 143 285 327 999 378 330 586 16 953 600 900 713 975 391 448 955 189 284 981 47 369 936 979 728 327 840 624 411 202 675 830 27 244 531 887 266 703 382 456 586 498 301 768 589 886 207 673 830 140 634 358 353 361 618 629 151 335 828 876 663 49 320 213 182 45 35 845 847 9 501 955 406 533 347 733 227 896 417 1 902 807 712 
302 803 509 514 887 388 996 990 769 29 268 126 9 46 33 76 963 366 365 68 783 65 828 701 124 7 486 756 244 120 982 824 722 345 167 13 546 745 653 552 413 633 633 517 660 661 109 866 397 673 443 28 857 640 250 845 758 291 748 103 402 25 104 88 499 633 599 291 334 408 69 1 466 900 496 304 482 619 152 592 387 696 718 963 192 648 389 437 988 974 865 354 622 616 28 283 11 741 623 985 
679 783 75 984 657 274 603 714 474 434 313 662 61 155 375 534 634 909 587 165 641 455 985 368 158 31 823 339 698 154 431 385 703 995 548 460 496 779 463 845 914 12 634 430 53 745 593 275 746 121 309 364 785 414 431 355 326 534 312 357 175 530 455 570 823 787 341 714 305 723 953 419 794 767 859 581 481 635 913 477 935 191 844 876 630 81 18 613 788 833 691 222 180 36 258 440 613 635 347 672 
53 681 458 166 914 985 571 963 884 970 444 183 325 907 56 314 461 122 754 905 393 858 970 685 220 54 318 411 131 970 732 103 137 631 718 387 546 189 891 685 211 175 905 142 911 642 136 192 1000 759 318 94 644 804 642 423 31 194 228 706 181 948 350 72 950 958 855 135 830 866 648 758 305 133 252 608 816 21 431 565 311 490 982 256 448 674 158 644 949 29 153 537 568 7 61 991 957 879 249 940 
58 974 360 381 162 866 422 810 318 165 569 226 952 998 878 571 0 328 761 771 471 263 701 788 319 509 966 571 636 890 990 50 172 627 98 497 545 85 661 52 910 485 320 487 255 342 333 889 430 868 256 534 584 914 355 301 809 411 149 537 86 931 872 679 822 330 936 35 28 887 699 647 615 169 799 321 55 74 389 214 136 746 504 380 73 481 493 989 961 648 425 193 291 72 146 428 908 826 735 466 
514 277 64 165 74 304 664 65 868 551 665 556 901 186 469 725 433 953 397 93 263 458 91 965 285 735 529 40 345 191 576 482 348 973 183 97 258 878 496 59 785 822 429 555 442 551 966 621 257 416 630 265 536 410 991 180 472 216 1 380 435 467 429 828 468 756 284 374 807 846 931 790 286 441 990 7 822 969 58 925 224 344 590 852 669 20 460 63 488 155 711 625 585 967 463 876 400 616 62 817 
499 826 737 166 479 617 864 379 639 279 107 30 317 696 549 175 269 264 875 739 362 754 261 198 222 701 688 589 324 882 237 913 429 748 356 188 299 889 955 546 671 516 166 926 255 929 395 889 930 673 387 149 436 812 834 554 582 152 73 535 989 303 168 396 612 906 269 285 400 879 150 882 62 935 553 798 212 1 747 752 393 3 575 86 889 850 550 776 239 838 198 116 929 414 603 569 509 366 427 151 
700 339 660 696 908 345 473 710 445 725 597 118 5 201 452 368 127 547 29 861 604 651 602 381 75 137 784 962 782 404 469 917 687 517 384 10 873 200 935 489 647 427 292 125 521 650 45 563 318 725 868 798 119 487 931 720 608 292 797 434 759 828 699 227 251 161 105 696 90 831 698 547 692 916 485 955 119 531 409 26 993 494 629 728 403 385 315 37 75 295 429 827 783 822 88 208 719 217 147 58 
730 126 82 348 957 410 708 834 70 871 740 440 738 474 761 326 96 293 767 901 852 569 330 911 880 354 566 934 756 362 824 318 962 526 829 85 471 695 227 965 649 197 564 979 951 103 91 68 182 918 991 749 966 659 260 321 450 775 549 926 949 91 521 207 733 256 16 905 452 165 136 177 942 162 329 929 131 790 905 709 968 180 40 571 328 727 166 322 724 992 11 467 181 503 841 364 989 718 652 39 
952 924 681 203 372 883 896 635 144 736 963 950 683 88 417 535 108 697 287 759 190 569 353 304 431 443 416 221 407 578 475 849 603 758 690 913 305 172 586 158 93 378 785 58 902 314 917 802 466 729 675 371 532 547 988 799 637 114 347 790 825 512 904 736 516 600 987 989 963 715 816 247 333 277 476 905 37 257 683 121 402 175 416 135 219 929 583 902 867 548 795 29 584 88 775 140 361 703 863 226 
941 368 495 587 700 311 46 26 120 587 406 361 846 976 27 746 101 717 798 605 499 366 187 771 153 236 532 606 886 466 164 694 913 570 429 372 309 115 790 112 254 856 645 727 728 720 3 97 86 726 535 644 32 460 330 4 801 153 809 202 747 1 336 621 350 206 199 21 140 510 105 386 17 950 260 505 946 351 704 420 25 949 638 710 209 375 75 137 454 684 180 676 920 779 509 431 508 981 725 269 
48 100 111 643 621 173 975 375 252 413 192 299 375 225 552 324 351 696 569 44 996 395 881 350 485 476 153 45 995 103 551 440 118 943 442 732 227 906 626 300 437 182 827 450 646 452 964 169 289 699 596 130 852 131 829 113 597 979 933 815 932 801 706 237 538 757 927 174 133 585 9 465 155 580 25 821 239 515 704 725 589 339 905 132 388 851 631 758 910 13 532 181 396 408 558 300 881 336 102 762 
224 626 128 953 820 756 847 347 480 971 325 907 438 962 822 134 150 516 407 288 6 333 574 629 636 313 886 2 103 245 910 91 372 567 532 400 382 221 909 239 950 11 198 884 241 10 728 697 624 711 865 716 927 503 172 272 469 181 51 582 508 239 438 452 950 879 488 277 621 955 375 805 198 362 561 463 437 520 911 662 187 85 311 862 312 584 107 365 362 715 255 492 234 867 43 15 124 155 946 826 
279 836 992 940 706 233 348 810 797 445 956 243 277 18 336 707 646 155 886 827 5 451 720 390 664 43 178 561 833 850 195 568 930 621 432 291 214 698 538 873 9 348 723 302 362 487 286 645 41 436 832 773 13 303 941 966 988 208 830 948 983 307 59 199 959 954 427 778 681 796 252 490 273 958 754 368 93 135 351 663 46 848 517 281 987 652 311 364 698 351 133 582 590 876 827 306 840 519 122 907 
285 175 95 639 374 550 348 256 814 433 670 431 941 603 801 772 298 153 585 159 665 188 592 415 407 325 869 277 126 923 525 11 498 654 869 308 592 236 980 187 778 305 368 482 921 550 784 800 833 123 410 299 651 670 373 666 554 318 905 252 582 828 379 311 39 250 626 977 556 531 308 956 594 570 686 460 725 797 799 692 450 340 99 663 400 714 203 267 285 785 383 567 8 740 102 546 281 457 196 990 
927 521 717 671 337 155 668 876 110 694 4 960 294 111 488 407 641 223 31 687 37 280 176 3 339 649 958 465 874 760 975 462 732 303 820 104 399 610 514 636 952 146 215 164 799 626 565 354 987 256 357 825 640 448 367 1 418 949 423 976 193 385 664 365 371 925 715 666 316 588 69 448 695 11 359 884 441 492 409 537 964 225 633 888 987 637 889 980 466 691 155 764 29 657 435 291 517 717 579 121 
631 601 539 84 968 41 835 208 340 406 968 405 317 863 614 713 172 128 593 757 299 731 180 288 639 87 502 91 736 271 914 922 420 588 606 585 291 875 994 775 497 947 147 93 374 364 856 579 318 392 525 99 287 532 166 453 64 152 543 151 920 519 565 124 934 77 869 141 78 124 770 473 546 460 962 630 974 487 662 266 916 182 630 261 646 114 402 495 467 339 783 893 602 722 65 970 687 656 207 874 
327 498 330 967 129 399 668 314 874 613 731 709 829 469 959 911 907 898 649 275 126 444 434 937 605 776 639 600 974 251 24 900 912 668 822 379 973 278 740 899 171 572 108 705 392 6 229 332 731 415 478 160 585 391 839 595 372 763 546 793 453 637 227 872 250 722 296 918 329 859 50 451 10 146 771 582 404 745 80 587 694 789 843 636 972 925 781 503 877 153 916 725 668 850 372 282 909 999 590 729 
913 464 477 606 175 115 865 355 414 492 969 555 429 879 367 178 459 854 835 559 890 894 164 517 345 261 812 986 89 411 695 783 649 542 766 754 467 746 622 121 534 462 984 883 83 149 473 47 402 973 637 777 396 759 781 710 487 526 413 220 380 634 789 816 707 827 707 635 165 427 826 170 903 13 817 901 346 733 412 316 348 304 307 818 533 240 510 555 150 202 610 1000 731 549 348 812 757 230 75 472 
133 698 461 432 982 520 231 408 503 27 380 395 897 669 923 585 887 42 745 402 386 802 43 504 948 944 739 331 392 98 856 659 324 544 611 910 503 713 735 977 896 253 270 131 94 20 85 224 29 89 431 412 58 770 41 315 92 99 752 497 639 685 19 74 484 872 295 397 669 311 883 611 328 902 395 464 893 336 190 436 714 365 396 581 203 966 454 690 123 84 939 68 999 47 500 11 10 524 94 769 
17 472 390 693 656 89 415 52 806 24 391 661 395 72 209 668 741 720 6 715 418 242 67 610 103 97 738 152 255 147 418 417 45 95 985 82 176 632 416 829 708 362 882 271 511 404 490 674 312 66 281 832 635 617 435 536 960 33 705 590 556 316 8 337 154 496 155 34 777 757 91 745 398 957 656 817 140 57 634 110 257 884 567 17 567 465 739 42 579 982 314 783 828 796 522 582 146 731 346 233 
130 798 293 415 390 211 90 657 348 415 62 355 841 309 982 786 688 992 280 866 503 536 20 258 789 872 797 283 154 872 832 733 744 306 917 70 498 449 151 410 769 842 721 78 211 228 969 827 462 297 127 860 229 294 493 806 834 344 686 0 478 774 805 453 30 455 268 353 202 152 583 199 242 599 664 841 334 187 311 874 605 908 844 391 861 929 566 207 304 197 788 692 574 490 431 73 172 532 369 630 
48 934 279 624 538 629 630 188 435 883 888 584 653 493 192 834 638 645 115 45 408 116 338 419 553 842 164 665 524 8 443 735 290 831 478 350 136 728 460 788 543 927 205 9 63 142 926 710 19 408 861 616 12 456 345 121 845 822 945 747 514 724 502 777 653 160 129 268 677 123 175 426 960 83 945 452 863 359 421 91 134 252 215 761 980 879 667 581 476 893 50 895 592 912 630 179 616 439 627 144 
875 214 27 79 65 763 408 841 180 888 876 626 977 71 920 66 222 209 246 904 575 492 664 889 267 714 819 851 323 85 684 591 754 207 534 795 333 609 149 393 714 934 24 464 760 238 76 367 804 21 819 115 581 135 80 919 587 594 14 325 330 353 409 222 521 860 911 604 286 0 729 954 497 966 138 694 940 170 315 334 884 968 737 540 961 877 564 383 144 433 864 198 722 828 713 399 419 357 854 873 
98 829 309 203 201 128 72 952 745 319 722 240 939 263 855 685 212 283 294 946 278 930 448 634 276 30 155 569 550 496 108 436 122 176 428 178 311 516 99 912 389 8 346 838 813 831 180 481 435 348 976 160 518 262 514 43 997 625 417 982 117 87 59 425 717 657 329 165 359 99 29 947 183 6 44 827 824 368 739 839 403 335 121 128 540 777 150 454 677 337 665 384 906 278 430 218 233 850 935 536 
540 654 219 997 369 553 74 667 701 230 468 941 60 506 840 443 782 567 473 805 104 356 174 526 623 24 752 550 155 865 100 807 613 105 541 511 408 697 975 720 69 405 189 231 290 816 445 945 335 280 666 756 552 36 80 309 988 365 962 54 613 424 243 78 519 53 811 363 436 381 493 837 153 654 615 295 523 115 482 914 228 483 147 378 228 910 397 954 352 939 19 183 283 22 416 811 602 483 509 229 
989 356 485 203 798 635 841 817 235 140 19 150 887 525 383 693 930 117 884 420 812 788 796 419 823 10 678 252 194 898 994 819 632 580 803 852 93 536 52 653 275 151 637 595 752 736 135 43 590 361 245 348 170 868 571 966 55 713 118 635 443 393 924 368 995 694 623 639 174 594 868 170 261 734 567 164 259 819 254 94 899 735 335 752 942 258 197 397 114 758 816 887 448 566 739 772 170 16 242 543 
636 123 461 561 813 848 983 963 111 134 437 904 533 230 354 880 876 444 543 432 102 172 299 585 51 609 381 685 304 585 22 587 760 740 850 529 935 869 97 749 685 756 739 264 484 226 711 897 925 181 915 557 676 117 440 710 552 790 140 252 526 624 323 813 877 923 604 873 734 907 975 50 495 2 683 261 44 22 383 570 386 336 438 238 544 363 507 593 688 78 378 225 918 442 244 756 138 92 790 991 
991 578 562 538 115 325 740 626 319 303 314 64 875 831 150 376 547 708 157 368 916 842 352 912 121 277 135 721 212 211 536 481 970 698 126 732 378 342 339 39 870 726 479 630 26 376 189 63 918 50 587 723 779 433 27 387 373 788 827 250 5 714 12 493 732 368 266 589 13 475 357 195 159 147 137 479 768 557 148 334 455 300 240 206 847 795 516 962 613 436 214 406 896 249 450 739 585 445 573 121 
740 883 23 62 164 868 196 953 162 931 305 955 6 668 859 44 701 192 233 87 900 277 148 2 911 692 123 960 773 508 636 764 653 284 827 908 678 62 614 6 163 871 32 562 538 316 700 442 604 57 749 301 786 764 442 984 214 836 260 155 106 965 37 693 400 509 420 308 306 475 715 104 636 86 395 800 388 465 206 220 892 433 496 640 530 436 64 14 536 28 356 649 931 953 193 739 995 12 411 893 
693 651 759 715 822 98 912 25 871 614 794 908 19 40 870 233 220 277 309 42 404 380 6 764 837 8 617 499 347 905 843 209 370 361 360 601 754 134 377 63 914 359 359 139 390 32 708 533 896 242 294 213 859 801 590 864 57 480 320 328 544 561 204 221 520 922 450 537 972 254 151 907 594 618 705 99 528 886 631 642 47 841 890 1000 63 472 664 664 54 155 605 767 441 458 538 212 293 792 360 27 
771 695 758 362 590 987 585 362 54 553 394 312 942 690 642 867 652 581 309 354 504 236 538 181 772 355 529 854 247 130 1 855 88 180 262 349 732 508 281 481 336 999 24 190 428 792 624 198 922 118 246 210 563 546 284 474 380 814 783 927 550 994 241 894 551 917 303 53 762 988 308 1 897 43 167 379 606 118 980 347 143 568 559 1000 842 92 829 236 364 288 493 159 746 570 795 426 143 0 492 849 
86 779 972 348 163 750 791 760 628 281 487 563 157 903 261 808 818 618 641 741 413 185 456 486 652 141 419 146 833 328 232 212 562 427 820 661 376 521 812 316 674 302 363 389 801 201 32 807 816 852 40 473 434 81 314 598 245 905 735 668 802 945 759 915 320 686 930 41 281 171 510 413 317 976 860 934 206 277 352 37 991 298 543 393 283 793 887 925 94 815 890 326 791 576 527 435 74 928 807 358 
238 858 207 752 480 991 912 559 415 607 727 847 951 646 641 772 245 42 945 480 963 952 728 416 784 188 219 906 799 834 573 652 306 603 106 713 195 84 436 195 691 84 571 412 76 134 405 770 873 631 369 306 190 470 253 826 566 708 752 481 347 990 90 22 22 517 569 166 889 387 300 763 224 759 345 786 749 656 584 443 385 829 226 796 276 301 994 290 182 479 225 151 516 812 628 203 542 710 763 523 
530 641 27 467 66 641 817 463 634 276 996 990 947 521 658 971 136 143 469 207 684 491 544 49 597 210 565 247 522 599 158 457 869 31 448 790 919 458 121 694 284 216 15 767 571 412 662 441 35 85 482 247 394 593 514 389 438 181 769 573 342 52 225 726 584 964 700 682 47 223 680 439 952 272 181 109 770 289 199 443 672 498 126 705 38 429 504 962 765 175 754 349 138 76 929 227 302 126 682 868 
986 660 272 591 651 82 475 217 25 201 562 505 496 971 155 446 273 187 898 570 70 262 853 837 424 438 875 24 391 693 434 646 385 549 217 152 382 893 701 250 505 797 787 886 727 786 387 304 24 132 511 609 560 50 178 100 895 578 93 984 167 757 240 357 898 940 902 169 901 321 357 451 660 643 109 649 464 653 288 127 845 927 99 723 1000 398 947 398 184 285 122 900 119 865 201 386 754 92 749 239 
5 164 743 232 740 584 18 37 202 408 529 666 324 309 136 113 956 500 162 454 234 192 387 249 166 533 208 644 455 596 457 352 433 626 91 21 699 113 807 368 148 144 746 798 145 609 796 741 621 15 881 342 378 654 758 476 170 735 718 479 187 839 975 780 481 564 719 813 348 289 966 632 2 931 583 770 465 692 194 174 269 438 41 524 867 301 348 69 9 859 488 707 707 0 277 994 554 990 833 967 
722 812 837 213 554 247 352 840 83 181 640 785 229 105 318 806 46 470 677 444 292 884 394 821 870 276 301 32 270 281 533 304 280 733 420 714 437 927 158 664 584 237 466 361 634 302 983 392 536 233 265 342 572 353 867 300 855 811 782 406 996 301 929 590 896 92 615 984 136 986 230 987 662 811 464 700 286 983 818 18 817 440 904 934 294 468 755 443 696 981 31 871 585 45 108 648 101 82 489 583 
203 225 330 62 982 78 731 778 976 458 606 438 234 569 978 130 106 739 874 954 650 403 292 270 448 458 393 615 248 34 480 825 862 757 203 675 64 731 540 340 210 71 527 969 287 635 222 978 923 10 292 582 58 165 450 751 558 973 328 186 110 868 371 399 219 248 558 999 946 553 557 846 267 842 573 527 466 350 977 53 974 715 80 182 966 859 241 54 15 88 144 603 857 748 378 699 344 686 463 330 
533 967 341 307 162 288 49 941 266 690 445 478 57 733 677 169 555 419 788 4 794 959 76 723 14 158 98 576 153 41 94 708 347 103 601 769 577 216 547 590 101 72 274 536 622 629 750 904 167 226 440 24 602 966 564 854 346 425 456 706 298 595 950 366 559 844 388 273 185 110 965 941 466 316 844 497 957 713 190 951 473 721 278 513 667 281 16 840 35 452 343 526 294 803 240 753 332 576 321 46 
994 465 936 491 838 338 819 269 88 675 946 401 528 172 373 925 816 674 87 514 473 954 964 421 717 582 874 945 290 945 862 425 118 380 26 771 30 115 925 557 245 942 201 126 577 723 371 771 66 588 550 723 382 884 165 212 132 48 305 469 302 277 849 987 83 746 249 336 203 598 691 564 964 589 626 820 921 260 906 529 946 666 323 865 581 999 702 965 194 261 654 896 367 528 345 493 106 103 466 765 
706 577 977 867 775 679 464 490 354 622 59 53 158 464 333 670 735 52 535 464 868 905 923 655 493 508 645 50 765 587 244 790 162 493 375 304 502 375 415 313 231 387 675 999 887 207 292 584 442 760 232 263 600 738 983 411 535 414 972 759 600 286 584 919 177 454 766 741 783 658 33 546 18 150 389 946 255 846 812 616 673 537 962 365 310 323 129 196 566 936 350 699 107 717 193 751 691 553 61 138 
85 991 178 334 0 481 105 530 51 732 423 364 58 434 611 324 497 125 615 1000 938 576 163 746 631 357 301 927 891 208 92 55 374 70 4 239 526 191 918 231 473 807 467 676 741 912 678 318 92 885 992 89 965 819 863 287 863 818 161 518 186 62 902 342 338 140 732 229 984 463 733 284 111 997 546 154 150 95 562 526 609 166 104 359 97 199 814 956 505 990 226 483 931 672 625 238 229 466 780 166 
668 961 126 748 873 276 639 854 627 818 114 826 351 127 790 596 850 703 348 533 588 692 553 436 312 527 34 921 752 664 874 914 101 291 910 393 134 222 664 75 514 739 952 201 443 356 197 257 212 727 518 558 967 151 982 4 187 459 583 234 472 762 778 679 918 345 402 789 792 766 187 166 607 983 390 638 567 950 443 44 305 176 122 603 343 885 700 127 226 522 984 10 554 80 387 680 409 40 414 747 
151 480 934 823 191 878 989 672 323 146 35 429 555 119 113 925 678 824 977 459 352 511 884 136 898 288 224 676 754 741 217 866 208 109 463 326 356 877 176 823 385 710 171 54 587 658 929 624 262 403 786 694 138 357 641 466 875 875 315 822 607 682 757 624 763 319 733 353 702 648 800 299 712 156 521 33 906 355 763 190 493 4 235 223 580 455 687 554 53 330 844 36 377 744 915 961 824 774 967 605 
348 205 551 167 477 693 320 114 515 726 488 66 979 589 36 622 370 358 456 949 653 418 545 984 67 244 78 613 83 368 119 519 824 427 207 152 992 469 960 15 752 502 638 932 243 957 816 790 837 572 59 896 418 12 508 532 267 606 928 685 485 986 854 470 109 217 666 473 139 304 418 919 871 75 198 59 386 964 496 813 889 561 591 201 121 605 851 867 470 569 145 276 733 934 762 357 468 128 941 360 
329 457 621 900 140 577 208 141 752 252 596 610 235 355 962 616 483 881 908 454 574 781 917 826 151 718 762 958 149 553 630 704 694 700 580 839 495 306 852 577 582 465 46 478 406 777 978 902 501 734 792 421 307 174 404 557 160 62 43 997 61 841 831 220 818 153 346 43 432 352 688 604 981 877 936 359 16 740 487 907 364 810 5 779 725 260 180 6 827 886 309 830 311 492 155 367 570 540 176 338 
32 364 522 91 466 603 997 674 298 253 430 733 832 938 740 43 572 851 347 157 786 815 450 494 704 691 279 367 148 409 62 115 186 697 184 232 19 450 729 248 919 206 940 43 342 922 572 165 351 932 519 990 255 801 919 707 847 267 171 185 566 18 17 382 828 33 692 866 209 195 193 385 174 510 164 295 544 958 148 697 36 252 596 578 131 749 45 430 592 854 262 457 389 636 86 754 280 103 121 488 
458 536 308 925 562 369 855 43 419 570 814 955 941 186 976 952 40 770 879 887 23 929 396 996 743 121 988 356 690 278 600 944 428 843 412 123 388 142 36 872 275 457 270 995 729 751 158 534 894 547 517 968 215 748 454 307 857 375 612 312 291 435 339 126 905 848 9 545 604 885 425 721 84 246 608 448 17 744 308 416 486 990 794 621 134 329 865 290 872 741 118 456 109 608 349 460 920 22 845 956 
433 71 600 244 689 605 254 511 826 103 644 445 554 270 962 179 557 728 42 420 958 538 494 588 883 933 302 300 55 788 970 929 793 314 34 633 503 945 962 40 113 102 548 380 781 771 79 365 736 999 309 552 831 339 57 211 112 999 71 242 949 625 323 562 444 53 693 851 640 889 976 508 800 117 92 248 476 271 13 100 130 356 713 768 834 445 290 381 128 959 809 581 670 425 818 877 171 240 471 118 
928 921 308 858 114 720 709 478 657 36 258 26 698 29 898 939 317 328 840 632 774 524 871 995 577 688 638 499 451 66 367 716 235 392 837 552 489 693 955 297 586 785 74 889 869 719 404 186 454 425 242 893 249 944 140 704 818 641 629 154 477 200 268 808 330 746 677 86 413 870 551 35 508 529 158 972 627 133 711 733 524 865 627 653 745 788 928 533 402 11 363 59 7 938 800 643 142 713 882 558 
612 927 619 881 347 35 87 446 143 173 718 718 492 836 713 681 20 932 151 827 830 946 186 961 561 354 190 898 14 312 958 235 883 940 784 368 626 277 975 217 571 290 564 988 822 933 48 21 665 283 328 783 186 304 100 961 495 924 84 455 891 764 728 575 779 534 208 936 610 635 627 305 175 246 599 931 917 291 559 25 791 690 71 965 786 953 590 672 301 573 423 202 499 932 389 474 28 724 132 350 
228 278 784 780 944 301 353 374 119 270 90 355 574 878 603 151 685 86 236 419 451 891 744 617 975 739 339 696 992 332 50 917 690 851 890 417 923 887 561 783 352 0 651 293 846 74 45 504 3 487 655 145 530 344 551 243 398 111 192 9 37 534 127 921 896 345 3 895 896 279 336 884 349 235 176 974 5 382 333 759 791 297 353 96 481 651 584 959 935 638 766 422 851 569 213 123 577 995 641 251 
600 641 946 686 277 330 83 664 141 949 826 303 124 580 799 217 272 798 576 846 455 271 928 771 660 738 197 640 293 886 303 47 152 645 480 614 806 794 852 507 167 748 69 162 394 533 873 559 313 35 485 741 479 95 243 964 12 380 915 994 511 700 410 340 505 955 169 181 89 237 105 678 318 442 916 447 527 60 17 420 84 223 715 862 343 314 764 787 530 60 15 145 293 38 286 127 189 725 784 503 
511 133 700 565 753 407 352 954 637 345 795 396 512 706 292 306 926 706 839 934 49 28 484 966 973 713 880 215 595 813 2 459 13 76 795 317 772 184 643 178 484 886 235 498 816 482 496 638 618 674 499 722 194 433 879 44 959 930 761 357 299 585 921 689 902 870 658 114 565 101 969 772 457 436 331 457 574 652 667 855 506 828 984 521 418 591 491 574 369 300 43 969 940 377 114 431 880 457 3 854 
689 122 963 262 86 507 588 739 954 384 857 724 984 19 711 400 948 528 825 276 411 544 489 369 888 621 470 268 444 789 106 117 916 889 52 697 50 622 341 177 398 212 849 107 519 238 98 64 689 435 709 864 333 204 779 550 918 902 618 125 965 127 881 232 534 413 360 449 319 837 58 805 831 374 858 645 686 844 333 491 74 307 227 476 203 490 975 674 563 456 269 36 877 706 412 789 716 868 817 538 
978 614 388 839 927 254 264 405 931 186 453 126 833 54 924 258 860 2 895 988 739 619 881 437 136 268 564 542 201 581 355 203 150 744 225 9 922 726 941 503 994 280 779 708 340 818 771 815 945 857 404 742 632 393 710 152 431 661 883 83 426 801 471 771 369 359 465 275 435 610 756 45 698 891 298 646 3 650 215 836 231 258 554 881 989 729 862 927 675 126 961 920 608 275 834 234 166 824 682 164 
861 223 163 727 252 980 388 642 938 443 502 253 342 99 968 204 254 304 975 707 799 724 111 693 240 69 175 770 895 962 120 507 29 366 434 60 352 650 564 789 203 433 789 198 394 55 683 600 577 990 180 38 750 339 394 714 749 988 733 657 154 182 565 324 319 975 553 868 899 958 249 121 830 535 885 958 497 430 4 133 765 6 620 328 599 907 294 817 75 997 794 873 224 233 459 165 896 322 532 33 
19 749 637 542 300 374 352 206 430 173 895 814 581 613 301 903 681 985 265 613 863 631 479 117 844 37 683 96 18 597 865 215 529 166 696 206 234 790 388 248 467 544 656 225 343 647 506 698 141 604 349 1 221 644 341 298 441 549 437 667 924 235 206 720 972 471 330 788 642 645 259 210 467 223 109 773 52 125 849 246 314 29 776 444 939 547 888 346 521 743 954 386 233 595 893 541 765 703 680 775 
205 590 390 826 665 983 99 210 447 402 321 360 916 937 888 938 889 74 418 253 871 170 288 279 740 85 424 148 281 719 920 394 915 777 882 508 208 18 413 882 817 62 44 684 14 569 333 182 102 501 724 701 863 302 716 131 665 73 321 121 907 885 597 682 345 897 522 159 50 360 950 296 280 837 339 107 335 443 399 855 730 968 832 843 453 400 346 258 597 170 660 807 375 764 320 861 973 214 113 266 
562 714 91 742 957 969 630 587 243 28 607 141 551 198 659 330 654 211 63 65 72 330 649 783 223 928 214 89 813 584 803 822 136 123 262 26 520 944 453 771 833 586 265 901 406 432 960 192 33 148 144 513 670 448 317 713 295 458 428 111 310 830 138 383 599 894 710 55 119 409 367 788 871 608 969 745 954 85 404 908 77 29 607 693 994 882 840 999 954 822 281 248 424 1000 410 689 274 260 441 268 
461 71 194 525 710 353 587 649 918 266 615 388 252 332 634 484 287 754 911 903 19 487 771 226 967 200 848 524 293 689 155 418 634 929 436 445 576 345 191 638 187 692 753 977 436 709 281 905 747 343 297 266 430 404 218 424 554 606 164 405 872 246 994 405 693 36 629 788 349 375 791 420 821 530 425 543 430 780 688 647 606 912 695 199 665 310 60 477 829 285 42 960 709 530 58 235 874 209 877 636 
689 133 142 816 430 742 1 685 162 470 666 774 26 169 27 181 453 945 782 357 639 414 95 941 542 849 50 494 591 712 861 262 520 840 654 423 251 495 534 287 384 893 564 561 0 425 891 55 777 230 564 975 476 91 762 388 594 930 382 204 45 547 315 296 219 60 841 169 322 374 495 745 508 741 143 161 27 548 124 778 825 946 601 47 78 815 137 508 785 713 327 428 442 314 493 622 701 925 345 539 
54 277 218 658 943 751 455 575 5 799 15 79 104 359 805 138 409 860 867 135 90 606 276 719 106 603 700 230 686 10 527 610 73 585 578 996 265 148 966 909 984 399 770 199 959 396 887 272 648 124 340 649 198 781 805 0 971 977 593 723 935 286 395 507 352 560 805 480 666 268 443 936 696 75 562 828 978 305 195 512 3 857 518 682 683 422 696 288 521 108 659 876 295 582 88 156 80 276 876 717 
729 673 638 931 819 574 487 157 92 674 327 9 82 123 823 502 662 189 706 251 670 588 343 688 891 906 487 876 809 79 313 573 95 970 364 915 311 31 495 434 703 916 422 665 833 372 732 830 151 215 176 641 541 680 936 636 177 697 729 980 426 930 836 810 955 406 839 858 905 929 170 919 211 573 269 627 876 360 879 830 779 82 201 77 528 370 711 957 369 243 657 749 162 681 104 999 292 630 901 101 
188 979 809 199 605 215 290 534 930 319 529 400 104 529 13 799 473 431 553 702 565 121 39 982 246 662 599 766 980 519 411 582 728 880 176 586 695 463 718 902 105 355 33 819 248 193 894 557 58 836 143 90 465 158 727 99 299 813 695 574 166 313 53 105 451 715 95 660 994 722 367 79 545 473 195 175 788 939 748 86 285 76 865 828 474 561 850 341 276 663 408 559 773 816 241 707 233 679 809 427 
64 281 604 439 311 123 712 295 971 50 624 331 191 912 305 465 153 193 324 424 229 695 254 788 537 603 33 102 959 492 940 465 936 316 833 928 591 308 799 914 992 93 836 263 736 734 340 831 649 169 136 603 901 870 929 410 40 547 591 194 247 18 343 483 427 98 885 226 98 965 593 744 877 433 86 30 310 125 259 584 694 672 358 442 77 534 269 634 90 892 585 957 723 393 240 961 705 363 756 431 
998 220 723 243 50 437 854 996 984 177 118 22 927 908 211 709 808 257 639 2 119 231 46 648 728 31 964 417 972 40 649 67 699 702 467 368 159 940 987 677 119 672 704 706 103 209 676 308 433 389 737 200 220 108 869 636 943 486 459 814 644 776 545 706 698 408 682 380 726 939 377 688 423 532 558 675 542 822 213 637 762 502 497 898 739 520 483 395 103 988 719 956 271 43 39 421 21 153 695 408 
636 157 838 374 4 168 422 856 951 431 786 317 97 349 363 494 142 208 771 789 128 314 326 2 563 330 312 654 337 386 641 884 918 126 726 896 779 625 205 989 810 902 56 385 511 134 831 281 266 389 645 389 816 487 227 46 245 701 836 332 14 534 14 4 943 378 535 668 791 52 370 770 745 476 701 282 232 61 585 771 298 104 691 627 423 352 385 5 97 410 459 559 996 437 529 737 147 906 546 411 
28 540 325 632 509 546 706 297 455 616 163 443 839 834 756 446 942 573 798 104 475 775 388 18 464 62 81 26 311 172 379 453 739 850 531 271 147 86 144 975 439 714 574 922 646 827 621 947 558 514 721 362 718 481 956 773 687 394 355 898 650 745 440 663 771 720 819 178 610 981 810 880 891 337 883 110 863 60 124 22 927 442 223 175 168 719 47 650 773 579 473 99 433 733 313 397 837 576 245 246 
891 373 328 92 479 573 870 321 358 345 9 307 753 529 919 853 920 965 749 456 523 407 752 539 240 719 462 44 129 600 48 90 288 661 419 554 310 784 727 304 150 156 526 661 760 776 226 143 992 863 966 881 372 635 982 882 162 665 673 872 413 848 29 78 28 619 518 762 161 630 609 503 190 727 402 100 12 399 454 9 684 204 902 723 118 237 632 506 765 709 305 402 590 730 540 201 856 98 100 716 
668 609 184 467 445 294 71 567 111 901 137 684 615 215 559 471 660 891 21 599 660 885 343 592 279 791 609 503 702 271 206 161 951 718 790 900 274 966 936 841 844 447 105 740 966 763 926 603 465 867 962 614 887 590 274 796 917 674 507 969 869 541 222 391 950 124 968 290 774 368 853 927 502 59 669 85 455 348 667 19 882 179 818 424 438 64 213 953 586 4 806 220 971 574 552 628 930 564 212 789 
719 625 940 341 266 987 197 291 381 407 180 519 86 240 756 753 94 476 481 922 21 153 905 517 49 317 301 560 471 893 363 710 523 114 660 238 243 345 64 10 632 789 105 153 926 69 842 821 818 816 486 221 519 231 387 26 751 659 357 683 681 154 505 590 75 939 539 594 372 115 987 493 972 696 445 673 961 671 364 86 761 720 597 438 43 307 470 34 94 816 414 990 824 751 43 673 478 306 592 742 
635 680 234 652 31 480 784 241 290 652 576 126 790 857 27 523 142 197 211 359 822 179 95 24 109 221 310 723 455 493 511 257 324 477 309 486 650 615 223 699 25 144 759 355 518 907 253 9 834 132 86 770 341 959 134 440 498 475 723 256 824 338 832 257 741 253 955 962 243 799 830 141 938 622 699 456 725 359 896 970 191 909 919 548 263 25 2 45 324 705 568 682 350 9 560 925 855 71 927 714 
393 276 220 874 390 911 619 7 503 427 105 181 350 643 549 702 778 537 141 975 909 396 984 361 951 424 310 262 133 314 93 494 242 411 700 450 128 343 121 147 174 156 116 667 950 875 360 557 294 317 9 421 301 800 532 393 88 957 835 580 308 32 726 894 777 745 540 3 104 911 338 945 392 296 516 803 426 825 117 537 980 211 881 360 341 780 250 617 930 852 523 882 616 693 200 961 329 535 83 546 
480 802 549 462 951 182 448 274 255 950 859 545 157 220 186 50 981 576 638 116 558 565 953 228 187 783 70 412 806 863 97 859 489 315 456 952 613 43 384 767 992 59 398 909 307 294 104 915 871 896 173 644 2 407 95 289 702 196 255 181 252 99 96 94 324 63 710 438 508 271 566 386 770 876 982 622 828 273 823 872 983 371 814 649 196 780 359 155 119 157 811 196 288 963 568 928 365 841 541 385 
583 301 959 924 448 415 61 555 168 327 210 548 523 813 647 539 217 940 125 480 183 657 818 434 827 672 711 624 598 342 778 631 728 256 592 855 164 609 233 490 334 747 9 273 752 732 314 694 17 741 942 248 356 322 251 811 3 944 19 280 234 69 854 166 505 760 71 654 590 601 176 202 416 571 39 312 941 95 109 905 831 872 971 721 207 566 147 101 287 48 494 952 438 454 42 572 963 625 854 388 
258 306 912 929 678 41 709 318 997 727 934 691 450 352 426 499 629 705 538 970 909 117 751 230 521 409 262 966 222 479 159 599 161 649 646 747 54 181 338 647 651 45 117 835 676 353 928 748 318 987 423 504 341 451 289 473 81 416 566 860 791 984 293 590 936 517 907 814 430 277 786 915 694 398 491 632 425 773 129 690 731 633 916 18 725 727 830 832 40 383 386 486 993 810 705 177 84 279 318 747 
168 648 0 437 914 446 153 775 447 799 932 914 554 90 304 558 889 649 271 270 584 718 117 824 236 269 222 215 477 829 392 997 554 868 672 42 377 722 209 678 204 153 675 50 699 803 296 598 565 700 958 934 86 525 263 616 26 223 464 353 834 730 934 412 163 161 720 751 979 188 752 179 494 584 29 617 362 356 325 248 425 731 306 306 437 480 220 806 278 904 116 583 794 187 547 451 89 698 505 233 
585 527 400 903 207 658 706 644 50 214 296 990 713 146 440 850 95 471 408 466 712 73 197 318 718 637 460 747 637 523 98 141 612 269 190 547 2 676 134 107 299 939 440 671 433 656 523 453 14 220 123 630 983 400 948 169 364 917 570 525 567 648 513 555 353 69 833 704 908 804 882 801 81 156 138 328 51 318 992 219 945 456 322 967 102 561 866 83 649 387 924 294 228 842 501 815 975 328 837 772 
733 525 199 809 735 350 128 918 470 546 545 456 170 40 761 274 188 807 278 963 939 481 489 23 284 693 866 647 864 846 19 165 457 433 191 374 505 860 93 18 746 427 30 242 84 748 659 607 490 101 121 200 579 801 226 352 554 748 436 931 981 763 915 481 631 551 906 892 748 167 354 366 7 351 534 481 993 127 786 893 886 882 938 17 721 434 104 714 414 372 63 611 237 777 69 219 384 549 28 64 
413 206 361 861 430 144 971 208 476 236 930 975 963 724 630 561 343 308 998 120 776 644 970 786 384 32 16 187 242 600 901 583 332 411 184 655 953 183 255 130 539 484 598 743 215 745 10 812 683 922 52 202 936 329 825 139 963 939 102 62 927 676 169 813 253 136 685 418 686 975 156 264 889 421 257 317 175 485 592 559 760 661 792 726 383 756 557 187 800 128 235 454 658 151 872 442 948 367 214 500 
877 713 673 627 138 76 208 922 844 951 975 783 339 900 564 302 657 915 616 190 603 37 358 113 974 401 436 744 206 560 927 311 668 381 321 720 109 573 706 321 976 187 256 630 963 679 668 785 415 948 305 737 252 891 484 871 276 43 877 188 100 408 665 793 60 256 695 200 833 499 320 948 274 756 245 615 171 723 989 368 303 908 840 369 814 659 657 512 750 875 766 95 90 181 655 338 174 350 627 361 
204 63 883 988 789 97 98 489 905 65 682 691 678 235 156 797 511 759 674 360 756 735 112 61 941 357 210 219 84 617 888 888 944 207 144 58 51 473 527 528 728 842 69 899 629 736 544 146 421 530 592 62 692 917 506 82 577 154 385 952 922 197 173 702 540 813 968 394 353 14 930 509 379 876 468 560 370 13 571 131 939 101 723 220 259 125 180 671 286 258 129 446 933 904 305 282 894 98 858 482 
60 114 112 688 732 313 967 819 787 11 44 173 129 155 329 352 324 169 957 214 819 767 39 716 513 577 469 454 919 676 535 489 289 496 342 971 354 167 648 610 999 866 359 849 350 606 735 674 98 1 550 513 56 92 336 202 139 436 396 415 503 367 352 862 192 618 39 864 839 82 91 714 955 594 351 985 859 728 223 344 479 487 354 301 330 848 220 515 401 880 491 645 598 428 16 758 288 59 920 506 
903 531 31 265 146 521 664 541 199 252 413 695 277 674 239 81 363 622 67 944 411 112 519 383 634 783 281 286 701 762 235 528 564 869 642 837 584 444 709 953 669 607 611 699 784 258 80 305 781 901 606 736 135 517 235 90 600 825 819 865 789 702 807 188 206 974 983 419 364 448 176 749 679 165 558 453 632 37 352 114 748 554 724 282 450 728 224 164 900 187 414 503 100 185 46 46 419 75 331 820 
129 277 299 860 278 187 975 476 810 411 280 217 977 750 405 139 254 905 804 571 987 966 932 75 748 459 90 825 422 530 171 725 862 747 165 634 411 999 4 866 490 240 283 858 837 416 589 905 790 430 362 959 876 564 401 795 419 5 821 835 142 108 197 993 40 363 73 798 925 779 353 273 883 690 397 354 812 64 464 639 582 253 999 65 13 548 707 863 198 643 692 617 624 289 446 798 292 221 723 586 
108 608 38 414 354 334 480 97 549 575 455 738 561 923 455 650 681 15 669 529 98 760 182 58 680 975 131 152 667 749 319 515 506 122 1 439 287 966 381 851 471 24 618 202 960 978 707 28 117 422 978 379 933 77 428 56 667 837 833 459 384 910 555 288 274 71 623 783 919 853 108 653 586 234 839 762 801 986 569 867 218 753 589 233 38 909 198 626 781 111 891 185 605 18 187 119 680 762 276 811 
547 972 93 906 133 176 622 751 774 291 177 580 25 731 658 99 294 266 949 544 776 923 168 612 224 90 970 594 471 981 630 548 100 681 819 983 394 488 364 985 2 678 482 968 381 1000 224 887 670 618 285 525 357 940 875 750 527 688 353 854 0 409 667 667 730 977 610 146 608 119 582 554 46 259 326 894 789 351 758 383 318 290 456 67 970 294 463 527 626 314 518 982 754 379 91 676 929 733 19 484 
210 187 307 589 119 900 767 972 23 125 166 34 759 314 215 502 696 610 631 350 193 516 800 644 999 448 923 255 828 772 927 176 625 720 673 554 885 760 814 366 839 641 717 1 814 679 498 50 261 857 225 351 80 711 369 139 443 394 270 857 177 399 946 565 429 818 497 304 867 207 501 617 98 109 53 134 255 966 442 589 145 126 477 56 866 601 371 157 394 560 560 521 332 435 633 71 604 652 169 30 
469 795 110 814 596 158 942 72 658 144 895 910 581 969 776 910 367 151 766 853 590 617 694 624 379 332 639 46 471 818 581 240 444 10 651 851 564 838 396 977 882 118 930 436 672 304 781 375 728 903 534 950 353 657 246 431 623 838 223 168 108 904 371 425 522 376 560 674 652 728 136 538 438 861 572 600 451 967 429 422 252 332 875 536 687 33 513 187 553 308 235 764 295 516 185 988 833 404 822 978 
52 6 362 107 99 125 174 392 260 844 461 770 893 586 103 987 61 107 716 950 62 477 665 251 101 167 318 726 594 712 801 828 180 107 466 650 4 567 876 335 247 207 964 635 891 489 760 571 254 719 565 487 808 927 602 795 248 864 265 922 396 709 700 330 674 576 23 166 238 897 526 933 216 885 948 453 244 309 930 346 859 858 353 731 722 840 474 812 466 42 702 195 624 868 992 35 473 411 867 189 
397 709 968 502 486 307 508 791 694 671 128 956 267 711 268 940 403 320 978 569 722 470 203 256 896 938 999 714 718 827 855 228 390 284 122 117 983 719 633 431 863 840 668 395 425 454 695 132 424 986 736 129 507 490 427 998 437 835 232 477 116 751 609 325 793 778 524 471 553 372 537 31 618 637 153 494 763 990 324 504 752 426 692 128 97 78 903 944 325 846 212 523 530 596 667 977 127 549 795 622 
474 611 367 554 293 930 527 893 616 689 567 565 26 103 391 643 651 863 615 682 596 61 403 411 301 431 491 164 30 88 819 355 929 889 191 87 165 329 258 921 75 951 798 415 656 561 80 429 731 51 151 233 585 588 450 515 329 204 351 134 311 611 489 539 128 428 107 787 437 543 762 465 783 420 729 594 996 47 750 341 946 242 783 893 488 841 385 775 56 625 439 950 479 998 959 22 409 470 909 471 
325 66 371 651 236 812 129 768 816 269 510 115 558 40 635 819 711 451 215 982 605 958 957 749 4 750 205 922 136 658 811 915 612 75 609 989 369 117 944 467 828 920 625 355 679 998 483 901 933 634 706 628 424 165 270 864 375 299 513 130 635 813 450 914 511 776 590 18 692 847 83 126 252 370 538 698 30 317 472 124 170 798 620 8 486 106 38 317 736 568 610 846 553 454 993 946 121 217 122 983 
748 531 388 161 620 675 228 242 602 121 82 673 603 641 695 745 654 482 674 683 807 932 309 392 508 859 143 943 102 882 209 771 989 256 629 846 738 24 975 794 766 320 595 236 142 129 382 337 196 84 106 339 91 931 216 601 998 28 322 843 832 429 270 392 68 997 317 331 446 563 561 720 917 75 809 903 4 381 308 280 587 191 90 730 316 0 859 640 883 998 217 33 544 735 701 101 868 74 956 928 
628 505 549 609 170 644 18 473 872 674 240 596 773 911 922 1 824 167 199 824 268 706 285 962 318 546 56 109 627 518 311 348 41 653 727 133 185 699 163 854 984 997 239 876 647 354 71 322 222 408 972 935 458 774 480 627 289 327 592 357 283 831 370 477 49 488 597 892 647 189 732 109 834 94 956 295 710 780 925 247 933 108 443 84 602 788 304 564 921 935 689 135 433 72 649 898 642 165 242 779 
